187,188
186,187,188
184,185
183,184,185
182,184,185
180,181,184,185
179,180,181,184,185
178,180,181,184,185
176,177,180,181,184,185
175,176,177,180,181,184,185
174,176,177,180,181,184,185
172,173,176,177,180,181,184,185
171,172,173,176,177,180,181,184,185
170,172,173,176,177,180,181,184,185
168,169,172,173,176,177,180,181,184,185
167,168,169,172,173,176,177,180,181,184,185
166,168,169,172,173,176,177,180,181,184,185
164,165,168,169,172,173,176,177,180,181,184,185
163,164,165,168,169,172,173,176,177,180,181,184,185
162,164,165,168,169,172,173,176,177,180,181,184,185
160,161,164,165,168,169,172,173,176,177,180,181,184,185
159,160,161,164,165,168,169,172,173,176,177,180,181,184,185
158,160,161,164,165,168,169,172,173,176,177,180,181,184,185
156,157,160,161,164,165,168,169,172,173,176,177,180,181,184,185
155,156,157,160,161,164,165,168,169,172,173,176,177,180,181,184,185
154,156,157,160,161,164,165,168,169,172,173,176,177,180,181,184,185
153,154,158,162,166,170,174,178,182,156,157,160,161,164,165,168,169,172,173,176,177,180,181,184,185
152,153,154,158,162,166,170,174,178,182,156,157,160,161,164,165,168,169,172,173,176,177,180,181,184,185
151,152,153,154,158,162,166,170,174,178,182,156,157,160,161,164,165,168,169,172,173,176,177,180,181,184,185
150,151,152,153,154,158,162,166,170,174,178,182,156,157,160,161,164,165,168,169,172,173,176,177,180,181,184,185
149,155,159,163,167,171,175,179,183,156,157,160,161,164,165,168,169,172,173,176,177,180,181,184,185
148,149,155,159,163,167,171,175,179,183,156,157,160,161,164,165,168,169,172,173,176,177,180,181,184,185
147,148,149,155,159,163,167,171,175,179,183,156,157,160,161,164,165,168,169,172,173,176,177,180,181,184,185
144,147,150,186,187,188,148,149,155,159,163,167,171,175,179,183,156,157,160,161,164,165,168,169,172,173,176,177,180,181,184,185,151,152,153,154,158,162,166,170,174,178,182
143,156,157,160,161,164,165,168,169,172,173,176,177,180,181,184,185
142,143,157,161,165,169,173,177,181,185,156,160,164,168,172,176,180,184
141,142,143,157,161,165,169,173,177,181,185,156,160,164,168,172,176,180,184
140,141,142,143,157,161,165,169,173,177,181,185,156,160,164,168,172,176,180,184
139,140,147,141,142,143,157,161,165,169,173,177,181,185,156,160,164,168,172,176,180,184,148,149,155,159,163,167,171,175,179,183,156,157,161,165,169,173,176,177,181,185
138,142,143,157,161,165,169,173,177,181,185,156,160,164,168,172,176,180,184
137,149,155,159,163,167,171,175,179,183,156,157,160,161,164,165,168,169,172,173,176,177,180,181,184,185
136,153,154,158,162,166,170,174,178,182,156,157,160,161,164,165,168,169,172,173,176,177,180,181,184,185
131,132
130,131,132
129,131,132
128,129,139,131,132,140,147,141,142,143,157,161,165,169,173,177,181,185,156,160,164,168,172,176,180,184,148,149,155,159,163,167,171,175,179,183,156,157,161,165,169,173,176,177,181,185
97,98
96,97,98
94,95
93,94,95
92,94,95
90,91,94,95
89,90,91,94,95
88,90,91,94,95
86,87,90,91,94,95
85,86,87,90,91,94,95
84,86,87,90,91,94,95
82,83,86,87,90,91,94,95
81,82,83,86,87,90,91,94,95
80,82,83,86,87,90,91,94,95
78,79,82,83,86,87,90,91,94,95
77,78,79,82,83,86,87,90,91,94,95
76,78,79,82,83,86,87,90,91,94,95
74,75,78,79,82,83,86,87,90,91,94,95
73,74,75,78,79,82,83,86,87,90,91,94,95
72,74,75,78,79,82,83,86,87,90,91,94,95
70,71,74,75,78,79,82,83,86,87,90,91,94,95
69,70,71,74,75,78,79,82,83,86,87,90,91,94,95
68,70,71,74,75,78,79,82,83,86,87,90,91,94,95
66,67,70,71,74,75,78,79,82,83,86,87,90,91,94,95
65,66,67,70,71,74,75,78,79,82,83,86,87,90,91,94,95
64,66,67,70,71,74,75,78,79,82,83,86,87,90,91,94,95
63,64,68,72,76,80,84,88,92,66,67,70,71,74,75,78,79,82,83,86,87,90,91,94,95
62,63,64,68,72,76,80,84,88,92,66,67,70,71,74,75,78,79,82,83,86,87,90,91,94,95
61,62,63,64,68,72,76,80,84,88,92,66,67,70,71,74,75,78,79,82,83,86,87,90,91,94,95
60,61,62,63,64,68,72,76,80,84,88,92,66,67,70,71,74,75,78,79,82,83,86,87,90,91,94,95
59,65,69,73,77,81,85,89,93,66,67,70,71,74,75,78,79,82,83,86,87,90,91,94,95
58,59,65,69,73,77,81,85,89,93,66,67,70,71,74,75,78,79,82,83,86,87,90,91,94,95
57,58,59,65,69,73,77,81,85,89,93,66,67,70,71,74,75,78,79,82,83,86,87,90,91,94,95
54,57,60,96,97,98,58,59,65,69,73,77,81,85,89,93,66,67,70,71,74,75,78,79,82,83,86,87,90,91,94,95,61,62,63,64,68,72,76,80,84,88,92
53,66,67,70,71,74,75,78,79,82,83,86,87,90,91,94,95
52,53,67,71,75,79,83,87,91,95,66,70,74,78,82,86,90,94
51,52,53,67,71,75,79,83,87,91,95,66,70,74,78,82,86,90,94
50,51,52,53,67,71,75,79,83,87,91,95,66,70,74,78,82,86,90,94
49,50,57,51,52,53,67,71,75,79,83,87,91,95,66,70,74,78,82,86,90,94,58,59,65,69,73,77,81,85,89,93,66,67,71,75,79,83,87,91,95
48,52,53,67,71,75,79,83,87,91,95,66,70,74,78,82,86,90,94
47,59,65,69,73,77,81,85,89,93,66,67,70,71,74,75,78,79,82,83,86,87,90,91,94,95
46,63,64,68,72,76,80,84,88,92,66,67,70,71,74,75,78,79,82,83,86,87,90,91,94,95
41,42
40,41,42
39,41,42
38,39,41,42,49,50,57,51,52,53,67,71,75,79,83,87,91,95,66,70,74,78,82,86,90,94,58,59,65,69,73,77,81,85,89,93,66,67,71,75,79,83,87,91,95
