28 1,0,0,0,0,0,0,0,0,0,1,64,0
29 1,0,0,0,0,0,0,0,0,0,1,64,0
30 1,0,0,0,0,0,0,0,0,0,1,64,0
31 1,0,0,0,0,0,0,0,0,0,0,32,0
32 1,0,0,0,0,0,0,0,0,0,0,32,0
33 1,0,0,0,0,0,0,0,0,0,0,32,0
34 3,0,0,0,0,0,0,0,0,0,0,32,0
35 1,0,0,0,0,0,0,0,0,0,0,32,0
36 1,0,0,0,0,0,0,0,0,0,0,32,0
37 1,0,0,0,0,0,0,0,0,0,0,32,0
38 3,0,0,0,0,0,0,0,0,0,0,32,0
39 2,0,0,0,0,1,0,0,0,0,0,32,0
40 2,0,0,0,0,1,0,0,0,0,0,32,0
41 2,0,0,0,0,0,1,0,0,0,0,1,0
42 1,0,0,0,0,0,0,0,0,0,0,1,0
46 1,0,0,0,0,0,0,0,0,0,0,64,0
47 1,0,0,0,0,0,0,0,0,0,0,64,0
48 1,0,0,0,0,0,0,0,0,0,0,64,0
49 2,0,0,0,0,0,0,0,1,0,0,32,0
50 2,1,0,0,0,0,0,0,0,0,0,32,0
51 2,0,0,1,0,0,0,0,0,0,0,32,0
52 2,1,0,0,0,0,0,0,0,0,0,64,0
53 1,0,0,0,0,0,0,0,0,0,1,32,0
54 1,0,0,0,0,0,0,0,0,0,0,32,0
57 2,1,0,0,0,0,0,0,0,0,0,32,0
58 2,0,0,1,0,0,0,0,0,0,0,32,0
59 2,1,0,0,0,0,0,0,0,0,0,64,0
60 2,0,0,0,0,0,0,0,1,0,0,32,0
61 2,1,0,0,0,0,0,0,0,0,0,32,0
62 2,0,0,1,0,0,0,0,0,0,0,32,0
63 2,1,0,0,0,0,0,0,0,0,0,64,0
64 1,0,0,0,0,0,0,0,0,0,1,32,0
65 1,0,0,0,0,0,0,0,0,0,1,32,0
66 3,0,0,0,1,0,0,0,0,0,0,32,0
67 1,0,0,0,0,0,0,0,0,0,0,32,0
68 1,0,0,0,0,0,0,0,0,0,1,32,0
69 1,0,0,0,0,0,0,0,0,0,1,32,0
70 3,0,0,0,1,0,0,0,0,0,0,32,0
71 1,0,0,0,0,0,0,0,0,0,0,32,0
72 1,0,0,0,0,0,0,0,0,0,1,32,0
73 1,0,0,0,0,0,0,0,0,0,1,32,0
74 3,0,0,0,1,0,0,0,0,0,0,32,0
75 1,0,0,0,0,0,0,0,0,0,0,32,0
76 1,0,0,0,0,0,0,0,0,0,1,32,0
77 1,0,0,0,0,0,0,0,0,0,1,32,0
78 3,0,0,0,1,0,0,0,0,0,0,32,0
79 1,0,0,0,0,0,0,0,0,0,0,32,0
80 1,0,0,0,0,0,0,0,0,0,1,32,0
81 1,0,0,0,0,0,0,0,0,0,1,32,0
82 3,0,0,0,1,0,0,0,0,0,0,32,0
83 1,0,0,0,0,0,0,0,0,0,0,32,0
84 1,0,0,0,0,0,0,0,0,0,1,32,0
85 1,0,0,0,0,0,0,0,0,0,1,32,0
86 3,0,0,0,1,0,0,0,0,0,0,32,0
87 1,0,0,0,0,0,0,0,0,0,0,32,0
88 1,0,0,0,0,0,0,0,0,0,1,32,0
89 1,0,0,0,0,0,0,0,0,0,1,32,0
90 3,0,0,0,1,0,0,0,0,0,0,32,0
91 1,0,0,0,0,0,0,0,0,0,0,32,0
92 1,0,0,0,0,0,0,0,0,0,1,32,0
93 2,0,0,0,0,1,0,0,0,0,0,32,0
94 2,0,0,0,0,1,0,0,0,0,0,32,0
95 2,0,0,0,0,1,0,0,0,0,0,32,0
96 2,0,0,0,0,0,1,0,0,0,0,1,0
97 2,0,0,0,0,0,1,0,0,0,0,1,0
98 1,0,0,0,0,0,0,0,0,0,0,1,0
99 1,0,0,0,0,0,0,0,0,0,1,64,0
100 0,0,0,0,0,0,0,0,0,0,0,32,0
101 2,0,0,0,0,0,0,1,0,0,0,32,0
102 0,0,0,0,0,0,0,0,0,0,0,32,0
104 1,0,0,0,0,0,0,0,0,0,1,32,0
105 3,0,0,0,1,0,0,0,0,0,0,32,0
106 1,0,0,0,0,0,0,0,0,0,0,32,0
107 2,1,0,0,0,0,0,0,0,0,0,32,0
108 2,0,0,0,0,1,0,0,0,0,0,32,0
109 1,0,0,0,0,0,0,0,0,0,0,1,0
129 1,0,0,0,0,0,0,0,0,0,1,64,0
130 1,0,0,0,0,0,0,0,0,0,1,64,0
131 1,0,0,0,0,0,0,0,0,0,1,64,0
132 1,0,0,0,0,0,0,0,0,0,0,32,0
133 1,0,0,0,0,0,0,0,0,0,0,32,0
134 1,0,0,0,0,0,0,0,0,0,0,32,0
135 3,0,0,0,0,0,0,0,0,0,0,32,0
136 1,0,0,0,0,0,0,0,0,0,0,32,0
137 1,0,0,0,0,0,0,0,0,0,0,32,0
138 1,0,0,0,0,0,0,0,0,0,0,32,0
139 3,0,0,0,0,0,0,0,0,0,0,32,0
140 2,0,0,0,0,1,0,0,0,0,0,32,0
141 2,0,0,0,0,1,0,0,0,0,0,32,0
142 2,0,0,0,0,0,1,0,0,0,0,1,0
143 1,0,0,0,0,0,0,0,0,0,0,1,0
147 1,0,0,0,0,0,0,0,0,0,0,64,0
148 1,0,0,0,0,0,0,0,0,0,0,64,0
149 1,0,0,0,0,0,0,0,0,0,0,64,0
150 2,0,0,0,0,0,0,0,1,0,0,32,0
151 2,1,0,0,0,0,0,0,0,0,0,32,0
152 2,0,0,1,0,0,0,0,0,0,0,32,0
153 2,1,0,0,0,0,0,0,0,0,0,64,0
154 1,0,0,0,0,0,0,0,0,0,1,32,0
155 1,0,0,0,0,0,0,0,0,0,0,32,0
158 2,1,0,0,0,0,0,0,0,0,0,32,0
159 2,0,0,1,0,0,0,0,0,0,0,32,0
160 2,1,0,0,0,0,0,0,0,0,0,64,0
161 2,0,0,0,0,0,0,0,1,0,0,32,0
162 2,1,0,0,0,0,0,0,0,0,0,32,0
163 2,0,0,1,0,0,0,0,0,0,0,32,0
164 2,1,0,0,0,0,0,0,0,0,0,64,0
165 1,0,0,0,0,0,0,0,0,0,1,32,0
166 1,0,0,0,0,0,0,0,0,0,1,32,0
167 3,0,0,0,1,0,0,0,0,0,0,32,0
168 1,0,0,0,0,0,0,0,0,0,0,32,0
169 1,0,0,0,0,0,0,0,0,0,1,32,0
170 1,0,0,0,0,0,0,0,0,0,1,32,0
171 3,0,0,0,1,0,0,0,0,0,0,32,0
172 1,0,0,0,0,0,0,0,0,0,0,32,0
173 1,0,0,0,0,0,0,0,0,0,1,32,0
174 1,0,0,0,0,0,0,0,0,0,1,32,0
175 3,0,0,0,1,0,0,0,0,0,0,32,0
176 1,0,0,0,0,0,0,0,0,0,0,32,0
177 1,0,0,0,0,0,0,0,0,0,1,32,0
178 1,0,0,0,0,0,0,0,0,0,1,32,0
179 3,0,0,0,1,0,0,0,0,0,0,32,0
180 1,0,0,0,0,0,0,0,0,0,0,32,0
181 1,0,0,0,0,0,0,0,0,0,1,32,0
182 1,0,0,0,0,0,0,0,0,0,1,32,0
183 3,0,0,0,1,0,0,0,0,0,0,32,0
184 1,0,0,0,0,0,0,0,0,0,0,32,0
185 1,0,0,0,0,0,0,0,0,0,1,32,0
186 1,0,0,0,0,0,0,0,0,0,1,32,0
187 3,0,0,0,1,0,0,0,0,0,0,32,0
188 1,0,0,0,0,0,0,0,0,0,0,32,0
189 1,0,0,0,0,0,0,0,0,0,1,32,0
190 1,0,0,0,0,0,0,0,0,0,1,32,0
191 3,0,0,0,1,0,0,0,0,0,0,32,0
192 1,0,0,0,0,0,0,0,0,0,0,32,0
193 1,0,0,0,0,0,0,0,0,0,1,32,0
194 1,0,0,0,0,0,0,0,0,0,1,32,0
195 3,0,0,0,1,0,0,0,0,0,0,32,0
196 1,0,0,0,0,0,0,0,0,0,0,32,0
197 2,1,0,0,0,0,0,0,0,0,0,32,0
198 2,0,0,0,0,1,0,0,0,0,0,32,0
199 1,0,0,0,0,0,0,0,0,0,0,1,0
